47090
61742
37764
59026
10960
29550
16998
16378
17200
17291
17282
16204
16142
16896
17162
16326
16276
17038
17240
16246
17084
47534
47614
5078
26916
55446
7668
44244
19296
8050
45082
6742
20598
17334
57666
57642
57614
36830
36086
35338
20108
19398
43078
57688
57712
57736
47384
47362
44774
27398
27376
14914
30560
31606
32650
54614
55358
55978
48634
49314
49962
57936
57960
57918
57780
57762
57804
57894
57852
57876
10830
11448
12132
62678
62694
62724
63290
62660
62024
57978
58026
58002
58092
58074
58050
58138
58120
58162
5890
25908
63904
15274
23950
51672
62140
43186
34428
28160
21776
17348
5144
9304
23552
39010
6940
17828
10962
4920
62282
15658
57966
52360
42764
42138
1736
34412
50322
9918
10056
17400
63886
56124
11332
26788
55310
25802
44380
55914
9704
49402
56720
54482
42518
42030
22876
9630
1002
36438
13554
13680
13816
7092
50412
44360
61488
12492
6934
3558
16448
62594
50988
43836
23206
47760
63204
34570
1274
24046
32160
38606
26748
17478
11938
20892
30124
64172
64410
22988
61098
25290
43252
20300
61400
61856
19316
60598
41438
19180
3506
42230
34898
5920
28636
27820
24198
20640
57838
53200
18456
24220
47662
44066
44204
59588
2594
13362
62244
43146
15476
48306
9140
18358
30180
27576
13444
31838
8530
42430
54404
40478
53576
63728
31646
3532
24020
54460
41226
5142
13480
41234
34696
53376
41402
7014
7918
25446
36248
18734
16680
43552
61862
56764
26780
18468
3088
31540
59342
35174
18100
13476
26710
34050
39716
9466
61448
2370
27128
38096
19034
5316
34850
37508
15310
42690
63178
45488
48002
1960
17772
43960
62050
48128
31544
47734
25118
62144
60910
52988
32210
50818
7744
40198
45096
49994
33084
18696
58286
42624
51652
27188
6004
14248
15506
16684
17814
18722
19936
20844
21882
13804
15584
39056
37176
8298
41172
62968
63878
45716
61454
37392
21642
46340
37926
57494
37642
40824
65004
60812
24402
42226
43924
33570
2538
55696
35612
22752
62404
27314
50484
15500
902
31614
12580
12578
62102
14844
40010
6740
65526
2000
7278
62012
40922
40920
49890
47468
45012
42556
32526
64844
42916
2562
50328
50326
50252
41870
43452
47394
43674
43502
43294
24406
20570
33190
43430
10908
8440
5972
47126
46510
61666
53372
50916
48460
60330
9414
54182
29148
40066
58270
47142
44488
41834
43856
41428
38966
36504
34042
31580
46660
46888
61658
43272
40816
38360
52090
62634
60742
58838
56934
64146
63758
63354
62950
10440
27848
27850
55030
54506
53982
53458
62546
62142
61738
61334
52934
52530
52126
49162
60930
60526
60122
59718
1266
57564
48718
48214
47730
43966
59314
58910
58506
58102
29078
32068
1574
57840
54692
52146
59748
50612
48134
45822
62602
63530
54788
50692
27322
5532
5010
4488
3966
3444
3082
2720
2358
42218
41930
41608
41286
3116
13022
13024
38742
38098
37454
36810
57698
57294
56890
56486
28866
50606
8826
23796
65062
34000
5930
44220
27316
40946
6584
38974
1222
53398
23182
24782
11872
60684
44646
49652
31268
45514
45518
45516
45512
45520
31136
17608
23502
57382
23788
20646
46024
44162
30854
47738
28272
18070
43522
63824
25922
41676
34168
8006
5050
17120
33376
17686
12450
8948
19624
60800
260
7264
35828
38202
17920
18144
24764
16494
1080
56348
29690
2422
36866
46376
42982
35896
35738
34564
36054
41482
64388
62846
34014
23246
21206
18702
16298
13634
63792
37666
24548
12714
6394
57168
13856
12224
9226
8534
15602
43010
47012
28332
43996
43998
43994
44000
60406
58460
64302
61492
45144
5702
34852
65260
36342
35154
37414
44884
39694
14166
39592
64866
36356
58042
29008
43200
680
48874
17066
33796
56444
16574
59594
32788
37398
34586
1898
1900
60484
49198
37046
23220
63846
25456
6714
36180
50934
36614
8246
35280
46506
5682
50936
50942
64260
50950
50946
50940
50944
50930
50932
10176
33664
57126
45454
37252
3944
64508
17520
28396
48390
38178
14778
18096
51128
34144
23836
15424
59178
24434
5464
59062
63848
63034
9276
682
32476
4686
2758
3786
63174
56318
32158
15898
16322
61222
50926
57538
62702
878
26588
1038
1040
27004
14282
14440
16154
49086
38672
42508
63038
56492
2384
2542
2892
60246
21218
52804
18120
6308
33338
29032
23384
54462
49658
51290
56012
42062
46524
46522
40128
23472
18426
48478
31088
43806
37174
64316
59952
44984
35078
31618
39744
6974
2226
3830
23630
20452
63826
44136
15548
19868
5172
44390
43368
27074
22840
29310
65380
2584
45344
53902
27368
9144
58844
44028
33004
63844
23320
33542
34122
63840
65420
46252
12512
18244
57248
50078
14364
12356
14226
48208
48218
14700
15090
19192
19292
19304
49408
59922
19280
62444
48238
15786
41658
48248
25994
25992
31152
16358
25934
30572
30570
48268
18062
53250
58834
64420
50422
13062
24480
52952
56796
53496
25600
45732
18818
40982
30950
62838
45418
15314
34422
31116
61672
61664
43300
29544
25636
33532
24644
62334
33858
33880
44032
13222
33748
48860
39240
59336
29678
38512
52444
2596
25312
2718
57304
59806
51096
56168
50768
55740
2454
13390
28136
62220
57100
18490
48826
34630
36976
11982
27966
12812
1330
20416
3354
37940
51114
60974
9684
63802
50578
3376
34948
36840
8108
20074
64252
44368
4070
4900
34396
44898
15340
61180
28202
40460
4546
30780
55760
31628
57330
51498
8586
53540
17262
44174
11048
59986
45828
40320
37066
8520
25418
61644
5526
62120
44058
26514
58810
19644
61646
45582
49582
42842
60762
32462
51594
5262
27482
13294
58180
32200
24218
36772
36190
8858
57010
42340
51610
80
2356
33628
47018
55646
10140
44224
56300
29706
57348
37516
1150
21312
61414
19490
1850
13220
53570
13392
1798
38008
56090
23304
23644
22498
14826
38578
8226
56460
29772
56546
27416
23400
2924
56894
34892
52366
25100
64640
61656
7232
52756
4530
50602
50888
44704
12416
59936
38566
21226
13142
63498
50608
24072
31326
40748
23642
61648
61660
26316
60868
32850
57556
32198
30092
23012
24774
16464
31034
23528
22222
13158
35324
19354
1056
39880
32874
11582
54214
64560
61020
31418
7852
59468
25122
7102
30060
41760
15570
57530
19658
2792
2484
8002
39484
61650
57872
61652
11702
61654
35878
49578
55930
9586
34986
41638
46508
61670
34734
23514
61634
61674
20564
38942
24096
38546
61754
34664
37626
65358
20590
37822
29468
36130
3030
29874
9344
51764
49320
14158
28416
60550
30056
58540
34594
20556
14114
33006
56376
57516
61844
35030
34038
3094
64136
54328
9566
28708
45646
48100
48102
49418
13256
59482
49642
31046
40692
58514
24580
64134
20484
27250
46706
28040
46992
13452
47436
25648
12962
64858
31620
47150
29276
15908
51434
27582
3512
4192
22284
58240
42494
56098
63036
30542
22418
19164
18260
30196
7252
52364
5170
64848
32620
56698
45608
57298
3458
32704
41842
8620
33334
63368
19646
17270
23526
16090
57830
16878
17612
25690
51668
61364
59680
57404
55252
52052
47858
44212
40854
25662
18972
32713
32712
60372
7676
30164
55462
57998
20128
21558
12388
12386
17266
17238
42894
17420
57048
56830
1600
49774
50184
9018
17174
15124
53124
48902
960
34994
32002
41052
27038
29856
17258
49188
54612
4412
40366
29296
63156
36126
46874
59586
20684
44824
33230
50548
9780
31306
64204
9562
53190
30016
35274
17892
55274
17704
17302
17412
55054
17526
44172
26568
7900
42932
42928
42934
42930
63786
63466
26276
24682
24686
24684
24688
28312
47458
14074
40722
44892
34638
47502
29976
24422
44908
9426
57802
57250
10682
16054
37794
55364
1178
7260
42598
10700
54804
2760
12688
54174
12672
54092
2568
54852
54108
54820
7276
34602
12182
11234
44404
16026
60158
38382
38364
38344
38324
38304
38284
38264
38242
38224
38204
38184
38162
38144
38122
38102
49710
55152
21374
49074
55378
47486
55954
57266
1528
9410
10666
6716
55520
6732
42552
46726
1774
1512
54122
7242
44386
10754
34724
16012
47632
29962
2796
8570
54836
8932
1792
47520
46292
54190
8292
57820
1546
44372
6218
9940
16040
47118
232
290
58068
50794
570
48358
546
15738
34710
57286
8860
11470
19224
35014
36844
6224
35020
51486
29444
35028
8102
54764
38016
62548
1780
8158
22660
50658
31522
34660
34546
47612
39282
25704
44986
25116
190
62106
9058
19364
7464
53266
35026
21794
26492
62378
49440
6554
35016
52242
34502
29162
35022
33712
2712
40700
30226
18498
49360
64824
19674
63554
1846
1452
49972
63168
15084
52628
31554
16424
32642
40208
25388